7080008410284000
2140004020013001
8480200080100008
5880080010008d80
2a00100200080420
200040200080190
c100008402000100
800640a1001080
102002041020084
40804000802000
44802000100481
83002100900008
209000500d00800
1800400920080
49010004020001
40200190042108c
80808000204002
40012001a81000
420004040100800
8002020008102042
8110004080100
6400808002000400
40089105208
38020004008071
2180004840002000
2150044440032009
200080100080
a00200900100300
8080080280040080
9095000300240008
440022400300881
8880018000c100
400080800020
80201000404000
220032503001040
100082800800
88a4000800800480
4122008022800400
4208020c003011
2004102000084
88442080400a8000
2440081000202004
200100410010
2041000810010020
80004008080
62000810020004
2080380182040010
2081400a0420001
a24000800c244080
c040400080200080
4184020820200
8012230148500100
2820040008008080
402001108048200
902221080400
200004401048e00
1000814200249302
80420028801102
100900402001
100201000050009
a001020680406
1101000400080201
1808489018120104
20001101a084cc02